[subject]
    n = 50

[ttest]
    t = 1.324
    p = .023

[pearson]
    p1 = 0.00001
    p2 = 0.12345