[subject]
    n = 50

[ttest]
    t = 1.324
    p = .023

[pearson]
    p1 = 0.00001
    p2 = 0.12345

[mean]
    v = 1.234
    ci_low = 0.123
    ci_high = 12.34